i2050_med: 254.8367048
i2050_lo: 249.0216475
i2050_hi: 275.0961216
paramset_hash: 15f811243fe398e3abbe8301190af7bd
