i2050_med: 234.045709
i2050_lo: 190.1362829
i2050_hi: 270.5587386
paramset_hash: cdfd38b1fab55d94e1b0c43ec57ab968
