i2050_med: 274.3315855
i2050_lo: 249.0882014
i2050_hi: 316.9574081
paramset_hash: cec56eea44d893de4db19b551945fed9
